170,35
0,474
10,2
10,1
10,3
11,2
11,1
11,3
12,2
12,1
12,3
158,3
158,2
158,1
158,0
157,6
157,5
157,4
157,3
157,2
157,1
157,0
156,7
156,6
156,5
156,4
156,3
156,2
156,1
156,0
155,3
155,2
155,1
155,0
154,4
154,3
154,2
154,1
154,0
153,26
153,25
153,24
153,23
153,22
153,21
153,20
153,19
153,18
153,17
153,16
153,15
153,14
153,13
19,2
153,12
153,11
153,10
153,9
153,8
153,7
153,6
153,5
153,4
153,3
153,2
153,1
153,0
152,5
152,4
152,3
152,2
152,1
152,0
151,3
151,2
151,1
151,0
150,4
150,3
150,2
150,1
150,0
149,3
149,2
149,1
18,1
149,0
148,3
148,2
148,1
148,0
147,4
147,3
147,2
147,1
147,0
146,3
146,2
146,1
146,0
145,4
145,3
145,2
145,1
18,3
145,0
144,12
144,11
144,10
144,9
144,8
144,7
144,6
144,5
144,4
144,3
144,1
143,3
143,1
20,3
20,2
